43,21
43,20
0,447
43,19
0,446
0,445
0,444
43,18
68,3
68,2
68,1
68,0
0,443
0,442
43,17
0,441
0,440
43,16
0,439
43,15
43,14
0,438
43,13
67,3
67,2
67,1
67,0
40,0
39,3
39,2
39,1
39,0
38,3
38,2
38,1
38,0
37,3
37,2
37,1
37,0
36,4
36,3
36,2
36,1
36,0
35,4
35,3
35,2
35,1
35,0
31,4
31,3
31,2
31,1
31,0
30,4
30,3
30,2
30,1
30,0
28,5
28,4
28,3
28,2
28,1
28,0
25,5
25,4
25,3
25,2
25,1
25,0
23,5
23,4
23,3
23,2
23,1
23,0
21,5
21,4
21,3
21,2
21,1
21,0
14,4
14,3
14,2
14,1
14,0
11,3
11,2
11,1
11,0
10,3
10,2
10,1
10,0
8,3
8,1
8,0
5,3
5,1
66,1
66,3
5,0
4,3
4,2
66,0
4,1
4,0
3,6
43,1
3,5
3,4
3,3
3,2
3,1
43,12
3,0
2,4
2,2
1,3
43,3
1,2
43,0
2,1
2,5
1,1
1,0
0,408
0,243
2,3
2,0
0,9
0,310
0,305
0,308
0,304
0,303
0,302
0,307
0,12
0,10
0,8
0,0
0,433
0,300
0,432
0,299
0,431
0,298
0,437
0,297
0,436
0,296
0,429
0,295
0,428
0,294
0,430
0,293
0,427
0,292
0,426
0,291
0,425
0,290
0,424
0,289
0,423
0,288
0,422
0,287
0,435
0,286
0,421
0,285
0,420
0,284
0,419
0,283
0,434
0,282
0,417
0,281
0,416
0,280
0,418
0,279
0,415
0,278
0,409
0,277
0,407
0,276
0,406
0,275
0,405
0,274
0,404
40,1
40,2
41,0
41,1
41,3
43,2
43,5
43,7
43,8
43,10
43,11
45,1
45,3
63,0
63,2
63,3
64,1
64,2
65,0
65,2
65,3
6,1
6,3
6,0
0,322
66,2
65,1
64,3
64,0
63,1
45,2
45,0
43,9
43,6
43,4
41,2
40,3
0,273
0,403
0,272
0,402
0,271
0,401
0,270
0,400
0,269
0,399
0,268
0,398
0,267
0,397
0,266
0,396
0,265
0,395
0,264
0,394
0,263
0,393
0,262
0,392
0,261
0,391
0,260
0,390
0,259
0,389
0,258
0,388
0,257
0,387
0,256
0,386
0,255
0,385
0,254
0,384
0,253
0,383
0,252
0,382
0,251
0,381
0,250
0,380
0,249
0,379
0,248
0,378
0,247
0,377
0,246
0,376
0,245
0,375
0,244
0,374
0,242
0,373
0,241
0,372
0,240
0,371
0,239
0,370
0,238
0,369
0,237
0,368
0,236
0,367
0,235
0,366
0,234
0,365
0,233
0,364
0,232
0,363
0,231
0,414
0,230
0,362
0,229
0,361
0,228
0,360
0,227
0,358
0,226
0,357
0,225
0,359
0,224
0,356
0,223
0,355
0,222
0,354
0,221
0,353
0,220
0,352
0,219
0,351
0,218
0,350
0,217
0,349
0,216
0,348
0,215
0,347
0,214
0,346
0,213
0,345
0,212
0,344
0,211
0,343
0,210
0,342
0,209
0,341
0,208
0,340
0,207
0,413
0,206
0,339
0,205
0,338
0,204
0,337
0,203
0,336
0,202
0,335
0,201
0,334
0,200
0,412
0,199
0,333
0,198
0,332
0,197
0,331
0,196
0,329
0,195
0,328
0,194
0,330
0,193
0,411
0,192
0,327
0,63
0,326
0,62
0,325
0,61
0,324
0,60
0,323
0,59
0,321
0,58
0,410
0,57
0,320
0,56
0,319
0,55
0,318
0,54
0,317
0,53
0,316
0,52
0,315
0,51
0,314
0,50
0,313
0,49
0,312
0,48
0,311
0,47
0,309
0,46
0,306
0,45
0,301
0,6
0,5
0,1
0,11
0,4
0,2
0,3
0,7
